,energy,data,data_err
0,9.7266,6.1678,0.019962
1,9.1523,6.142,0.02033
2,8.6273,6.1577,0.021147
3,8.1462,6.1847,0.021742
4,7.7043,6.1524,0.023449
5,7.2674,6.0872,0.027811
6,6.6114,6.0876,0.064652
7,5.9857,6.1454,0.016953
8,5.4448,6.1615,0.015044
9,4.9741,6.1706,0.015031
10,4.5619,6.1678,0.015217
11,4.1989,6.1569,0.01535
12,3.8776,6.1584,0.01549
13,3.5918,6.1744,0.015712
14,3.3364,6.1403,0.015752
15,3.1074,6.161,0.015998
16,2.9011,6.159,0.016092
17,2.7148,6.1724,0.01626
18,2.5458,6.1487,0.016356
19,2.3921,6.1657,0.016533
20,2.252,6.1435,0.016614
21,2.1238,6.1494,0.0168
22,2.0062,6.1214,0.016892
23,1.8982,6.1525,0.017056
24,1.7986,6.1703,0.017238
25,1.7067,6.1422,0.017294
26,1.6216,6.1564,0.017453
27,1.5428,6.162,0.017607
28,1.4696,6.1467,0.017674
29,1.4014,6.1509,0.017803
30,1.3379,6.1393,0.017922
31,1.2786,6.1345,0.018038
32,1.2232,6.1377,0.018161
33,1.1713,6.1687,0.018389
34,1.1226,6.1513,0.018492
35,1.0769,6.1442,0.01857
36,1.034,6.1519,0.018697
37,0.99353,6.1578,0.018791
38,0.95541,6.1724,0.018891
39,0.91945,6.1687,0.018975
40,0.88548,6.1604,0.019036
41,0.85336,6.16,0.019124
42,0.82296,6.1449,0.019247
43,0.79415,6.1307,0.019274
44,0.76683,6.1437,0.019426
45,0.74089,6.1432,0.019526
46,0.71625,6.1164,0.019543
47,0.69282,6.1678,0.019807
48,0.67052,6.1442,0.019838
49,0.64928,6.15,0.019926
50,0.62903,6.1576,0.020073
51,0.60971,6.1501,0.02011
52,0.59127,6.1456,0.020143
53,0.57366,6.1535,0.020276
54,0.55682,6.127,0.020233
55,0.54071,6.14,0.020412
56,0.52529,6.1463,0.020445
57,0.51052,6.1471,0.020528
58,0.49637,6.1774,0.020652
59,0.48279,6.1017,0.020535
60,0.46977,6.14,0.020675
61,0.45726,6.1972,0.020924
62,0.44525,6.1345,0.020784
63,0.43371,6.1553,0.020934
64,0.42261,6.1566,0.021078
65,0.41192,6.1331,0.021043
66,0.40164,6.1081,0.02109
67,0.39174,6.1396,0.0212
68,0.3822,6.1258,0.021264
69,0.37301,6.1243,0.021432
70,0.36414,6.1688,0.021643
71,0.35559,6.1606,0.021716
72,0.34733,6.142,0.021798
73,0.33936,6.1155,0.021742
74,0.33166,6.111,0.02185
75,0.32422,6.1709,0.022164
76,0.31702,6.1613,0.022256
77,0.31006,6.1514,0.022327
78,0.30333,6.1449,0.02235
79,0.29682,6.1749,0.022584
80,0.29051,6.1541,0.022622
81,0.28441,6.1256,0.022575
82,0.27849,6.1188,0.022656
83,0.27275,6.1061,0.022632
84,0.2672,6.1207,0.022747
85,0.26181,6.1303,0.022836
86,0.25658,6.1496,0.022969
87,0.2515,6.1022,0.022872
88,0.24658,6.1339,0.023051
89,0.2418,6.1475,0.02316
90,0.23715,6.1657,0.02323
91,0.23264,6.1229,0.023088
92,0.22826,6.1428,0.023229
93,0.22399,6.152,0.023265
94,0.21985,6.1459,0.02323
95,0.21582,6.1816,0.023392
96,0.2119,6.1217,0.023185
97,0.20809,6.1498,0.023282
98,0.20438,6.1255,0.02324
99,0.20077,6.1279,0.023313
100,0.19725,6.1398,0.023305
101,0.19382,6.1199,0.023146
102,0.19048,6.1524,0.023304
103,0.18723,6.0991,0.023098
104,0.18406,6.1366,0.023182
105,0.18073,6.1524,0.019633
106,0.17532,6.1252,0.016344
107,0.16964,6.1174,0.016238
108,0.16424,6.0976,0.016085
109,0.15909,6.072,0.015952
110,0.15417,6.1131,0.015973
111,0.14949,6.1411,0.015923
112,0.14501,6.0781,0.015646
113,0.14073,6.0779,0.015556
114,0.13743,6.0943,0.02001
115,0.13504,6.0953,0.019876
116,0.13271,6.0225,0.019566
117,0.13044,6.0817,0.019622
118,0.12823,6.1047,0.019585
119,0.12608,6.1116,0.01958
120,0.12397,6.1344,0.019529
121,0.12192,6.1196,0.019442
122,0.11992,6.1381,0.019386
123,0.11797,6.1488,0.019357
124,0.11607,6.1304,0.019244
125,0.11421,6.0835,0.019044
126,0.1124,6.0546,0.018779
127,0.11063,6.0723,0.018782
128,0.1089,6.0772,0.018733
129,0.10721,6.0895,0.018701
130,0.10556,6.0644,0.018571
131,0.10395,6.0734,0.018499
132,0.10309,6.0209,0.063772
133,0.10296,5.9236,0.062017
134,0.10282,5.9794,0.062986
135,0.10269,5.9384,0.062363
136,0.10256,6.0957,0.063671
137,0.10243,5.9358,0.062931
138,0.1023,6.0128,0.063299
139,0.10217,6.0008,0.06241
140,0.10205,6.0365,0.063334
141,0.10192,6.1683,0.064784
142,0.10179,6.1328,0.064445
143,0.10166,6.0202,0.063244
144,0.10153,6.0451,0.063634
145,0.1014,6.129,0.064336
146,0.10127,6.209,0.065123
147,0.10115,6.1687,0.064569
148,0.10102,6.078,0.064151
149,0.10089,6.1465,0.064742
150,0.10077,6.1684,0.064422
151,0.10064,6.0915,0.063613
152,0.10051,6.0227,0.062937
153,0.10039,5.9525,0.062071
154,0.10026,6.1666,0.064375
155,0.10013,6.0544,0.062631
156,0.10001,5.9796,0.062404
157,0.099884,6.0035,0.062466
158,0.099759,6.0276,0.062811
159,0.099634,6.0391,0.062964
160,0.09951,6.0102,0.062592
161,0.099386,6.1534,0.064003
162,0.099262,6.0814,0.063314
163,0.099138,6.0873,0.063323
164,0.099014,6.0148,0.062145
165,0.098891,6.022,0.062401
166,0.098768,5.9869,0.062337
167,0.098645,6.1303,0.063539
168,0.098522,6.0078,0.062066
169,0.0984,6.1028,0.063352
170,0.098277,5.9866,0.062162
171,0.098155,5.9526,0.061712
172,0.098034,6.094,0.063177
173,0.097912,5.9652,0.061684
174,0.097791,6.0347,0.06249
175,0.09767,6.2025,0.064352
176,0.097549,5.9668,0.061498
177,0.097428,5.9809,0.061995
178,0.097308,5.8848,0.061145
179,0.097188,5.9541,0.061882
180,0.097068,5.9656,0.061669
181,0.096948,5.9917,0.062142
182,0.096829,5.9545,0.061982
183,0.096709,5.9914,0.062027
184,0.09659,6.0674,0.062543
185,0.096471,6.0905,0.062937
186,0.096353,5.9386,0.06153
187,0.096234,6.0213,0.06224
188,0.096116,5.9082,0.061354
189,0.095998,6.0978,0.063342
190,0.09588,5.9773,0.061812
191,0.095763,6.1772,0.063692
192,0.095645,6.1427,0.063494
193,0.095528,5.8972,0.061131
194,0.095411,5.9478,0.061846
195,0.095295,6.0432,0.062304
196,0.095178,5.9969,0.061691
197,0.095062,6.0,0.061959
198,0.094946,6.0947,0.062887
199,0.09483,6.0031,0.06167
200,0.094714,6.1619,0.06374
201,0.094599,6.0451,0.062258
202,0.094484,6.0499,0.062488
203,0.094369,6.0758,0.062638
204,0.094254,6.1047,0.062666
205,0.09414,6.1325,0.063119
206,0.094025,6.1141,0.06276
207,0.093911,5.959,0.061283
208,0.093797,6.0566,0.06207
209,0.093683,6.0845,0.062568
210,0.09357,6.0367,0.062208
211,0.093456,6.1447,0.063091
212,0.093343,6.0568,0.062172
213,0.09323,6.0356,0.062224
214,0.093118,5.9175,0.061232
215,0.093005,6.07,0.062377
216,0.092893,6.012,0.061845
217,0.092781,6.0986,0.062272
218,0.092669,5.8695,0.060445
219,0.092279,6.0112,0.0252
220,0.091616,6.0653,0.025339
221,0.09096,6.0893,0.025473
222,0.090312,6.1347,0.025679
223,0.08967,6.0812,0.025416
224,0.089035,6.1043,0.025479
225,0.088406,6.0686,0.025334
226,0.087785,6.1131,0.025465
227,0.087169,6.1008,0.025443
228,0.086561,6.1404,0.025604
229,0.085958,6.1787,0.025653
230,0.085362,6.1593,0.02564
231,0.084772,6.2087,0.025824
232,0.084188,6.1032,0.025345
233,0.08361,6.2073,0.025774
234,0.083039,6.1181,0.025462
235,0.082472,6.1688,0.025651
236,0.081912,6.0498,0.025175
237,0.081358,6.0679,0.025216
238,0.080809,6.0314,0.025096
239,0.080265,6.09,0.025334
240,0.079727,6.1347,0.025459
241,0.079195,6.0749,0.025237
242,0.078667,6.1844,0.025743
243,0.078145,6.1553,0.025658
244,0.077628,6.1335,0.025575
245,0.077117,6.1391,0.025678
246,0.07661,6.1366,0.025632
247,0.076108,6.0914,0.025454
248,0.075611,6.1152,0.025485
249,0.075119,6.0921,0.025391
250,0.074632,6.0466,0.025183
251,0.07435,6.07,0.06171
252,0.07427,6.2156,0.062908
253,0.07419,6.0495,0.061704
254,0.07411,6.0542,0.061741
255,0.07403,6.0444,0.061795
256,0.07395,6.1181,0.062324
257,0.07387,6.0587,0.061937
258,0.073791,6.0702,0.061838
259,0.073711,6.1015,0.062298
260,0.073632,6.0681,0.06197
261,0.073553,6.0816,0.061711
262,0.073474,6.1163,0.062253
263,0.073395,6.1149,0.062372
264,0.073317,6.1716,0.062909
265,0.073238,6.141,0.062731
266,0.073159,6.0769,0.062135
267,0.073081,6.0932,0.062015
268,0.073003,6.0032,0.061317
269,0.072925,6.0275,0.061756
270,0.072847,5.9699,0.061132
271,0.072769,5.8574,0.059855
272,0.072691,6.0189,0.06105
273,0.072614,5.9192,0.060455
274,0.072536,5.9983,0.061337
275,0.072459,5.9996,0.061279
276,0.072382,6.0068,0.060898
277,0.072304,6.0462,0.061509
278,0.072227,5.8149,0.059723
279,0.072151,5.9306,0.060349
280,0.072074,6.0523,0.061488
281,0.071997,5.9587,0.060478
282,0.071921,6.018,0.061203
283,0.071844,5.9369,0.060502
284,0.071768,5.9431,0.060098
285,0.071692,5.9085,0.059927
286,0.071616,5.9313,0.060402
287,0.07154,5.9166,0.060471
288,0.071464,5.8912,0.060182
289,0.071389,5.8603,0.059736
290,0.071313,5.8221,0.059284
291,0.071238,6.0327,0.060775
292,0.071162,5.8938,0.060284
293,0.071087,5.9783,0.060793
294,0.071012,6.0355,0.061226
295,0.070937,5.8985,0.060226
296,0.070862,6.0095,0.060882
297,0.070788,5.9243,0.060145
298,0.070713,6.003,0.060834
299,0.070639,5.8652,0.059513
300,0.070564,5.9756,0.060607
301,0.07049,5.9371,0.060262
302,0.070416,5.9785,0.060483
303,0.070342,5.9825,0.060653
304,0.070268,5.9649,0.060836
305,0.070194,5.8007,0.058813
306,0.070121,5.9174,0.059982
307,0.070047,5.9961,0.060571
308,0.069974,5.9151,0.060181
309,0.0699,5.9028,0.060025
310,0.069827,6.0998,0.061806
311,0.069754,6.036,0.061018
312,0.069681,5.9115,0.059474
313,0.069608,5.9961,0.060679
314,0.069536,5.9378,0.060064
315,0.069463,5.9434,0.059953
316,0.069391,5.9084,0.059669
317,0.069318,5.8159,0.058857
318,0.069246,5.9957,0.060251
319,0.069174,5.9859,0.060301
320,0.069102,5.8895,0.059486
321,0.06903,5.764,0.058733
322,0.068958,5.7479,0.058247
323,0.068886,5.8236,0.058885
324,0.068815,5.9044,0.059674
325,0.068743,5.8611,0.058905
326,0.068672,5.8268,0.058468
327,0.068601,5.7521,0.058397
328,0.068529,5.7677,0.058571
329,0.068458,5.7908,0.058424
330,0.068387,5.7117,0.057704
331,0.068317,5.8218,0.058631
332,0.068246,5.7552,0.058405
333,0.068175,5.8313,0.05895
334,0.068105,5.7338,0.058287
335,0.067859,5.8052,0.023994
336,0.067441,5.7779,0.023945
337,0.067026,5.7829,0.023972
338,0.066616,5.8256,0.024184
339,0.066209,5.8736,0.024377
340,0.065805,5.8641,0.024403
341,0.065406,5.9015,0.024619
342,0.06501,5.9003,0.024612
343,0.064618,5.8731,0.024613
344,0.064229,5.939,0.02491
345,0.063843,5.9547,0.025013
346,0.063462,5.9505,0.025073
347,0.063083,5.9362,0.025049
348,0.062708,6.0142,0.025343
349,0.062336,5.9967,0.025285
350,0.061968,5.994,0.025267
351,0.061603,5.9098,0.024958
352,0.061241,5.9274,0.025011
353,0.060882,5.8976,0.025009
354,0.060526,5.8799,0.024909
355,0.060174,5.8444,0.024735
356,0.059824,5.8542,0.024836
357,0.059478,5.8836,0.024991
358,0.059135,5.8595,0.025035
359,0.058794,5.9236,0.025308
360,0.058457,5.8852,0.02523
361,0.058122,5.9182,0.025422
362,0.05779,5.9582,0.02566
363,0.057461,5.9353,0.025656
364,0.057135,6.0062,0.026005
365,0.056812,5.9355,0.02585
366,0.056491,5.9911,0.026138
367,0.056173,6.0238,0.02622
368,0.055858,5.9934,0.026162
369,0.055545,6.0848,0.026483
370,0.055235,6.1312,0.026771
371,0.054928,6.0546,0.026593
372,0.054623,6.1121,0.026854
373,0.054321,6.1202,0.026954
374,0.054021,6.1796,0.027308
375,0.053724,6.1631,0.027237
376,0.053429,6.1865,0.027409
377,0.053137,6.1817,0.027397
378,0.052847,6.1028,0.027101
379,0.052559,6.1507,0.027288
380,0.052273,6.1009,0.027174
381,0.05199,6.1292,0.027368
382,0.05171,6.1575,0.027586
383,0.051431,6.1874,0.027762
384,0.051155,6.1447,0.027796
385,0.050881,6.0997,0.027635
386,0.050609,6.0436,0.027332
387,0.05034,6.0428,0.02738
388,0.050072,5.9865,0.027291
389,0.049807,5.9694,0.027205
390,0.049543,5.9672,0.02729
391,0.049282,6.0309,0.027719
392,0.049023,6.0155,0.027693
393,0.048766,6.0514,0.027873
394,0.048511,6.0388,0.027827
395,0.048258,6.1036,0.02816
396,0.048007,6.1569,0.028403
397,0.047758,6.0871,0.028263
398,0.047511,6.168,0.028668
399,0.047265,6.2528,0.029014
400,0.047022,6.1888,0.028873
401,0.04678,6.2401,0.02914
402,0.046541,6.2521,0.02924
403,0.046303,6.1689,0.028979
404,0.046067,6.1653,0.029022
405,0.045833,6.2259,0.029418
406,0.0456,6.1614,0.029296
407,0.04537,6.1773,0.029506
408,0.045141,6.1655,0.029581
409,0.044913,6.0846,0.029195
410,0.044688,6.0343,0.029022
411,0.044464,6.0738,0.029221
412,0.044242,5.9689,0.028967
413,0.044022,6.0229,0.029332
414,0.043803,6.0213,0.029383
415,0.043586,6.0734,0.029614
416,0.04337,6.0735,0.029633
417,0.043156,6.094,0.029726
418,0.042944,6.113,0.029911
419,0.042733,6.1051,0.029915
420,0.042524,6.11,0.030042
421,0.042316,6.078,0.029929
422,0.04211,6.0981,0.030106
423,0.041905,6.1435,0.030471
424,0.041769,6.0829,0.052707
425,0.041702,6.1583,0.053097
426,0.041634,6.1159,0.052936
427,0.041567,6.1607,0.053297
428,0.0415,6.1794,0.053502
429,0.041433,6.1881,0.053504
430,0.041366,6.1345,0.053534
431,0.0413,6.1052,0.052901
432,0.041233,6.197,0.053882
433,0.041167,6.117,0.053439
434,0.041101,5.9943,0.052169
435,0.041035,5.9533,0.051884
436,0.040969,5.954,0.051909
437,0.040903,5.9233,0.05182
438,0.040838,5.8844,0.051558
439,0.040773,5.9201,0.051773
440,0.040707,5.8761,0.05174
441,0.040642,5.7744,0.050692
442,0.040578,5.8183,0.051278
443,0.040513,5.8301,0.05143
444,0.040448,5.9449,0.052643
445,0.040384,5.8924,0.051994
446,0.04032,5.8307,0.051652
447,0.040256,5.8796,0.052032
448,0.040192,5.9085,0.052398
449,0.040128,5.9228,0.052419
450,0.040064,5.7535,0.051294
451,0.039969,5.8876,0.036953
452,0.039843,5.9206,0.037241
453,0.039717,5.9209,0.037413
454,0.039592,5.9282,0.037475
455,0.039467,5.9003,0.037396
456,0.039343,5.9772,0.037874
457,0.03922,5.9523,0.037809
458,0.039097,5.9707,0.038061
459,0.038975,6.0399,0.038461
460,0.038853,5.9278,0.037935
461,0.038732,6.0227,0.038629
462,0.038656,6.0508,0.077289
463,0.038626,6.0104,0.076955
464,0.038596,6.0607,0.077899
465,0.038566,6.1265,0.078921
466,0.038536,6.064,0.077837
467,0.038506,6.0267,0.077434
468,0.038476,6.018,0.077362
469,0.038446,6.1208,0.078899
470,0.038417,6.017,0.077959
471,0.038387,6.008,0.077658
472,0.038357,6.1002,0.078808
473,0.038327,5.9932,0.078137
474,0.038297,6.1436,0.079289
475,0.038268,6.088,0.078559
476,0.038238,6.055,0.078399
477,0.038209,6.0659,0.078707
478,0.038179,5.9662,0.077802
479,0.038149,6.1089,0.078856
480,0.03812,5.8366,0.076439
481,0.03809,5.9517,0.077399
482,0.038061,5.9925,0.077765
483,0.038032,5.9061,0.076609
484,0.038002,5.8411,0.075251
485,0.037973,5.8391,0.075434
486,0.037944,5.7429,0.074585
487,0.037914,5.6893,0.074171
488,0.037885,5.8193,0.075002
489,0.037856,5.6531,0.074103
490,0.037827,5.6756,0.074191
491,0.037797,5.7191,0.074521
492,0.037768,5.7733,0.075094
493,0.037739,5.6517,0.07435
494,0.03771,5.6511,0.073506
495,0.037681,5.7874,0.07515
496,0.037652,5.6976,0.074777
497,0.037623,5.6322,0.073965
498,0.037594,5.7164,0.074599
499,0.037566,5.7605,0.074684
500,0.037537,5.6554,0.07381
501,0.037508,5.7328,0.07475
502,0.037479,5.7877,0.075743
503,0.03745,5.6116,0.073258
504,0.037422,5.5989,0.073584
505,0.037393,5.6545,0.074493
506,0.037364,5.7114,0.075236
507,0.037336,5.671,0.075043
508,0.037307,5.6144,0.073656
509,0.037279,5.5735,0.07367
510,0.03725,5.6608,0.074632
511,0.037222,5.6651,0.074379
512,0.037193,5.7591,0.076021
513,0.037165,5.6843,0.074697
514,0.037136,5.7607,0.076417
515,0.037108,5.7706,0.076057
516,0.03708,5.6772,0.075211
517,0.037052,5.6972,0.07513
518,0.036995,5.638,0.043056
519,0.036911,5.6885,0.043896
520,0.036826,5.7081,0.043844
521,0.036743,5.7334,0.044267
522,0.036659,5.7879,0.044631
523,0.036576,5.7952,0.044916
524,0.036493,5.7238,0.044391
525,0.03641,5.7134,0.044332
526,0.036328,5.6725,0.044135
527,0.036245,5.7364,0.044537
528,0.036163,5.8069,0.045092
529,0.036082,5.6594,0.044406
530,0.036,5.7327,0.044759
531,0.035919,5.6997,0.044671
532,0.035839,5.7748,0.045253
533,0.035758,5.8164,0.045645
534,0.035678,5.7328,0.045402
535,0.035598,5.793,0.04585
536,0.035518,5.8258,0.045966
537,0.035465,5.7243,0.079481
538,0.035439,5.7282,0.079265
539,0.035412,5.7886,0.079927
540,0.035386,5.719,0.078923
541,0.035359,5.7959,0.079581
542,0.035333,5.9086,0.081451
543,0.035307,5.8753,0.081307
544,0.035281,5.8377,0.080472
545,0.035254,5.7565,0.079916
546,0.035228,5.86,0.080785
547,0.035202,5.8176,0.080253
548,0.035176,5.7819,0.080184
549,0.03515,5.571,0.077501
550,0.035123,5.6468,0.078167
551,0.035097,5.7701,0.079439
552,0.035071,5.6213,0.078294
553,0.035045,5.5712,0.078061
554,0.035019,5.6244,0.077919
555,0.034993,5.6419,0.078549
556,0.034968,5.6609,0.079401
557,0.034942,5.6012,0.07824
558,0.034916,5.6175,0.077874
559,0.03489,5.6212,0.078123
560,0.034864,5.6596,0.079373
561,0.034838,5.6078,0.07823
562,0.034813,5.7656,0.080552
563,0.034787,5.6309,0.078422
564,0.034761,5.5888,0.078232
565,0.034735,5.4232,0.07663
566,0.03471,5.6153,0.078418
567,0.034684,5.4701,0.076552
568,0.034659,5.5255,0.078079
569,0.034633,5.7038,0.079633
570,0.034608,5.5589,0.07766
571,0.034582,5.5392,0.07758
572,0.034557,5.5217,0.078427
573,0.034531,5.4525,0.076768
574,0.034506,5.6065,0.078751
575,0.034341,5.5914,0.022792
576,0.034041,5.6397,0.023204
577,0.033744,5.6933,0.023606
578,0.033451,5.7172,0.023903
579,0.033162,5.7147,0.024097
580,0.032877,5.7749,0.024211
581,0.032595,5.802,0.02436
582,0.032317,5.8837,0.024896
583,0.032042,5.8783,0.025093
584,0.031771,5.9328,0.02555
585,0.031504,6.0135,0.026054
586,0.03124,6.0176,0.026285
587,0.030979,6.0216,0.026541
588,0.030721,6.0426,0.026938
589,0.030466,6.0211,0.026965
590,0.030215,5.9543,0.026728
591,0.029967,5.9864,0.026979
592,0.029722,6.0813,0.027685
593,0.02948,6.0884,0.027934
594,0.02924,6.1297,0.028358
595,0.029004,6.1952,0.028853
596,0.02877,6.261,0.029403
597,0.02854,6.2397,0.029241
598,0.028312,6.2908,0.029686
599,0.028087,6.3237,0.03009
600,0.027864,6.3138,0.030229
601,0.027644,6.426,0.031081
602,0.027427,6.469,0.031613
603,0.027212,6.4199,0.031646
604,0.027,6.4056,0.031798
605,0.02679,6.4193,0.032155
606,0.026583,6.4175,0.032422
607,0.026378,6.4881,0.033052
608,0.026175,6.5502,0.033661
609,0.025975,6.5578,0.034078
610,0.025777,6.6266,0.03487
611,0.025582,6.6256,0.035135
612,0.025388,6.4845,0.034774
613,0.025197,6.4902,0.035104
614,0.025008,6.5397,0.035678
615,0.024821,6.5947,0.036268
616,0.024636,6.6316,0.036948
617,0.024453,6.6168,0.037173
618,0.024272,6.7079,0.038106
619,0.024093,6.734,0.038712
620,0.023916,6.7691,0.039132
621,0.023741,6.788,0.039525
622,0.023568,6.8646,0.040293
623,0.023397,6.8579,0.040609
624,0.023228,6.9472,0.04113
625,0.023061,6.9387,0.040754
626,0.022895,6.9841,0.040806
627,0.022731,7.0633,0.041608
628,0.022569,7.0649,0.041761
629,0.022468,6.983,0.082413
630,0.022428,6.8379,0.080876
631,0.022389,6.8875,0.081086
632,0.022349,6.7088,0.079206
633,0.022309,6.5671,0.078134
634,0.02227,6.5587,0.07705
635,0.02223,6.5677,0.077581
636,0.022191,6.6256,0.078452
637,0.022152,6.444,0.076133
638,0.022112,6.4832,0.076801
639,0.022073,6.5375,0.078345
640,0.022034,6.2649,0.07404
641,0.021996,6.0684,0.071762
642,0.021957,5.9349,0.069993
643,0.021918,5.8149,0.068432
644,0.02188,5.7628,0.068404
645,0.021841,5.6491,0.066961
646,0.021803,5.6422,0.066544
647,0.021765,5.4762,0.065522
648,0.021727,5.643,0.066987
649,0.021689,5.7984,0.069217
650,0.021651,5.6236,0.067158
651,0.021613,5.5998,0.067172
652,0.021575,5.527,0.066509
653,0.021537,5.6539,0.067572
654,0.021444,5.7257,0.034494
655,0.021295,5.6314,0.034344
656,0.021148,5.6846,0.034811
657,0.021003,5.7679,0.035621
658,0.020859,5.757,0.035806
659,0.020716,5.6988,0.035588
660,0.020575,5.755,0.036145
661,0.020436,5.7235,0.03637
662,0.020297,5.7411,0.036798
663,0.020161,5.7689,0.037349
664,0.020025,5.8606,0.038246
665,0.019947,5.9948,0.094823
666,0.019924,5.8354,0.093439
667,0.019902,5.8621,0.094541
668,0.01988,5.9332,0.095819
669,0.019858,6.0987,0.098069
670,0.019835,5.7557,0.093046
671,0.019813,5.9977,0.09695
672,0.019791,5.9161,0.096169
673,0.019769,5.8449,0.095136
674,0.019747,5.8394,0.095146
675,0.019725,5.8034,0.093496
676,0.019703,5.9403,0.095595
677,0.019681,6.021,0.097522
678,0.01966,5.9338,0.096678
679,0.019638,6.0723,0.098926
680,0.019616,6.1475,0.099569
681,0.019594,5.795,0.094407
682,0.019572,5.7614,0.09457
683,0.019551,5.5878,0.091708
684,0.019529,5.4991,0.090004
685,0.019507,5.3066,0.086826
686,0.019486,4.9621,0.082729
687,0.019464,4.9378,0.082196
688,0.019443,4.8622,0.081038
689,0.019421,4.859,0.081758
690,0.0194,4.8608,0.081504
691,0.019379,4.724,0.079123
692,0.019357,4.9056,0.08236
693,0.019336,4.8555,0.080777
694,0.019315,4.6769,0.079311
695,0.019293,4.7516,0.079985
696,0.019272,4.6667,0.079163
697,0.019251,4.8378,0.080967
698,0.01923,4.6869,0.079718
699,0.019156,4.7224,0.03272
700,0.019031,4.7522,0.033205
701,0.018906,4.6965,0.033234
702,0.018783,4.7253,0.033685
703,0.018661,4.7783,0.034198
704,0.018541,4.7865,0.034575
705,0.018421,4.822,0.03494
706,0.018303,4.8422,0.035422
707,0.018186,4.8633,0.035855
708,0.01807,4.9103,0.036293
709,0.017955,4.9484,0.03692
710,0.017841,4.9918,0.037442
711,0.017728,5.0615,0.038193
712,0.017616,4.996,0.038219
713,0.017506,5.0139,0.038693
714,0.017396,5.0415,0.039163
715,0.017288,5.0526,0.039349
716,0.01718,5.0892,0.04003
717,0.017073,5.1626,0.040858
718,0.016968,5.1628,0.040834
719,0.016863,5.1451,0.041432
720,0.016759,5.297,0.042433
721,0.016657,5.2733,0.042738
722,0.016555,5.2474,0.042832
723,0.016454,5.2672,0.04319
724,0.016354,5.3243,0.043135
725,0.016255,5.3031,0.042902
726,0.016157,5.3579,0.043418
727,0.01606,5.3712,0.044051
728,0.015964,5.3378,0.043793
729,0.015904,5.566,0.092074
730,0.01588,5.4929,0.090322
731,0.015856,5.4053,0.089842
732,0.015832,5.5163,0.0918
733,0.015809,5.3778,0.089683
734,0.015785,5.6109,0.092646
735,0.015762,5.4879,0.092178
736,0.015738,5.4579,0.09173
737,0.015715,5.4479,0.091206
738,0.015691,5.4967,0.092068
739,0.015668,5.4965,0.092441
740,0.015645,5.1462,0.08711
741,0.015621,5.2517,0.088035
742,0.015598,4.9921,0.084355
743,0.015575,4.7642,0.081995
744,0.015552,4.8786,0.082386
745,0.015529,4.7867,0.082423
746,0.015506,4.8498,0.082286
747,0.015483,4.843,0.083346
748,0.01546,4.704,0.081814
749,0.015437,4.9129,0.084142
750,0.015381,4.8842,0.04191
751,0.01529,4.8565,0.041935
752,0.015201,4.8618,0.041951
753,0.015112,4.8683,0.042214
754,0.015024,4.9112,0.043162
755,0.014937,4.9582,0.043515
756,0.01485,4.9512,0.044007
757,0.014765,4.9634,0.044176
758,0.01468,5.0337,0.044866
759,0.014596,5.0334,0.045547
760,0.014512,5.0431,0.045707
761,0.014429,5.0784,0.046399
762,0.014347,5.0568,0.046494
763,0.014266,4.9685,0.046168
764,0.014185,5.0734,0.047543
765,0.014105,5.219,0.04861
766,0.014026,5.2129,0.04884
767,0.013947,5.2232,0.049306
768,0.013869,5.2488,0.049833
769,0.013792,5.237,0.050125
770,0.013715,5.3052,0.050732
771,0.013639,5.3035,0.051043
772,0.013564,5.2966,0.050795
773,0.013489,5.2971,0.051366
774,0.013415,5.3626,0.052047
775,0.013341,5.3694,0.052315
776,0.013268,5.3946,0.052507
777,0.013196,5.3931,0.052689
778,0.013124,5.4249,0.053285
779,0.013053,5.5187,0.054503
780,0.012982,5.543,0.055259
781,0.012912,5.469,0.055076
782,0.012842,5.4675,0.055467
783,0.012774,5.5424,0.056427
784,0.012705,5.584,0.05743
785,0.012637,5.6478,0.058865
786,0.01257,5.7185,0.059984
787,0.012503,5.7502,0.060549
788,0.012437,5.7833,0.06124
789,0.012371,5.7307,0.061662
790,0.012306,5.6351,0.061251
791,0.012241,5.8071,0.063247
792,0.012177,5.9469,0.065876
793,0.012114,5.7039,0.063832
794,0.012051,5.8869,0.066016
795,0.011988,5.8142,0.065557
796,0.011926,6.0048,0.068183
797,0.011864,5.9374,0.068244
798,0.011803,6.0146,0.069794
799,0.011742,6.0593,0.071351
800,0.011704,6.128,0.14482
801,0.011689,5.8627,0.13721
802,0.011674,6.0315,0.14117
803,0.011659,6.0382,0.14271
804,0.011644,6.1018,0.14434
805,0.011629,5.854,0.13849
806,0.011614,5.934,0.14314
807,0.0116,5.7558,0.13733
808,0.011585,5.8934,0.14034
809,0.01157,5.6576,0.13416
810,0.011555,5.4069,0.12705
811,0.01154,5.2766,0.12681
812,0.011526,5.2413,0.12703
813,0.011511,5.347,0.12869
814,0.011496,5.4315,0.13144
815,0.011482,5.154,0.12472
816,0.011467,5.3045,0.12673
817,0.011453,5.0658,0.12354
818,0.011438,5.1891,0.12462
819,0.011423,5.2008,0.12691
820,0.011409,4.9312,0.11977
821,0.011394,5.3612,0.12878
822,0.01138,5.1315,0.12502
823,0.011366,5.1598,0.12763
824,0.011351,5.4073,0.13245
825,0.011337,5.1344,0.12687
826,0.011322,5.348,0.13303
827,0.011287,5.0972,0.063925
828,0.01123,5.2196,0.065022
829,0.011174,5.29,0.066275
830,0.011118,5.2312,0.066603
831,0.011062,5.2058,0.066452
832,0.011007,5.3101,0.068186
833,0.010952,5.3369,0.069172
834,0.010898,5.4932,0.071498
835,0.010844,5.303,0.070358
836,0.010791,5.3469,0.070702
837,0.010737,5.3544,0.07241
838,0.010685,5.2802,0.07178
839,0.010632,5.3524,0.073275
840,0.01058,5.439,0.074833
841,0.010529,5.4632,0.075068
842,0.010478,5.4162,0.074795
843,0.010427,5.4859,0.076574
844,0.010376,5.3934,0.076935
845,0.010326,5.6702,0.080432
846,0.010277,5.5436,0.079451
847,0.010227,5.6561,0.082473
848,0.010178,5.5274,0.08097
849,0.01013,5.5707,0.083422
850,0.010081,5.5545,0.083898
851,0.010033,5.5134,0.084354
852,0.0099857,5.6384,0.086118
853,0.0099384,5.7156,0.087344
854,0.0098915,5.6823,0.087438
855,0.0098448,5.6659,0.082391
856,0.0097985,5.8433,0.083476
857,0.0097526,5.8474,0.083749
858,0.0097069,5.7233,0.082468
859,0.0096616,5.82,0.083966
860,0.0096166,5.8976,0.086316
861,0.0095719,5.8218,0.085006
862,0.0095275,5.7885,0.085501
863,0.0094835,5.9415,0.088277
864,0.0094397,5.9703,0.089067
865,0.0093962,6.0298,0.090494
866,0.0093531,5.9032,0.089684
867,0.0093102,5.9768,0.092597
868,0.0092676,5.9385,0.092327
869,0.0092253,5.9137,0.092226
870,0.0091834,6.0049,0.09436
871,0.0091416,5.9719,0.09492
872,0.0091002,6.0894,0.097335
873,0.0090591,5.871,0.096125
874,0.0090182,6.1684,0.099794
875,0.0089776,6.2025,0.10139
876,0.0089373,6.1466,0.10218
877,0.0088973,6.0802,0.1009
878,0.0088575,6.158,0.10399
879,0.008818,6.2735,0.10756
880,0.0087787,6.3044,0.10766
881,0.0087397,6.1389,0.10661
882,0.008701,6.2511,0.10828
883,0.0086625,6.0887,0.10598
884,0.0086243,6.2409,0.1086
885,0.0085864,6.4476,0.11459
886,0.0085487,6.3604,0.11492
887,0.0085112,6.1903,0.11114
888,0.008474,6.2602,0.11322
889,0.008437,6.4175,0.11688
890,0.0084003,6.2328,0.11477
891,0.0083638,6.4235,0.11943
892,0.0083275,6.466,0.12146
893,0.0082915,6.4023,0.12199
894,0.0082557,6.3834,0.12214
895,0.0082201,6.6285,0.12717
896,0.0081848,6.4861,0.12477
897,0.0081497,6.7514,0.13359
898,0.0081148,6.6392,0.13182
899,0.0080802,6.4874,0.12865
900,0.0080458,6.4055,0.12804
901,0.0080115,6.5458,0.13295
902,0.0079776,6.731,0.13749
903,0.0079438,6.5549,0.13479
904,0.0079102,6.5244,0.13369
905,0.0078769,6.6095,0.13896
906,0.0078437,6.7755,0.14335
907,0.0078108,6.7481,0.14117
908,0.0077781,6.5769,0.1387
909,0.0077455,7.1602,0.15856
910,0.0077132,6.7341,0.14484
911,0.0076811,6.7666,0.14833
912,0.0076492,6.6689,0.14514
913,0.0076175,6.6177,0.14328
914,0.007586,6.4198,0.13979
915,0.0075546,6.7679,0.1507
916,0.0075235,6.839,0.15522
917,0.0074926,6.5823,0.14752
918,0.0074618,6.8357,0.15679
919,0.0074313,6.6073,0.14999
920,0.0074009,7.0451,0.16551
921,0.0073707,6.7747,0.15922
922,0.0073407,7.0557,0.16963
923,0.0073109,6.8097,0.16384
924,0.0072813,7.0047,0.16886
925,0.0072518,7.0951,0.17278
926,0.0072225,6.6145,0.15675
927,0.0071934,6.8237,0.16459
928,0.0071645,7.1202,0.17775
929,0.0071357,7.0806,0.17814
930,0.0071072,6.5812,0.16301
931,0.0070788,7.153,0.18313
932,0.0070505,7.0723,0.18292
933,0.0070224,6.9178,0.17714
934,0.0069945,7.0402,0.18624
935,0.0069668,7.2754,0.19163
936,0.0069392,7.2657,0.19798
937,0.0069118,7.2252,0.19294
938,0.0068846,7.2837,0.19795
939,0.0068575,7.4164,0.20371
940,0.0068418,7.5044,0.50583
941,0.0068373,6.0095,0.37648
942,0.0068328,7.2001,0.46774
943,0.0068283,6.7488,0.43314
944,0.0068239,6.6374,0.40792
945,0.0068194,6.9479,0.4322
946,0.0068149,5.4432,0.32975
947,0.0068105,4.2583,0.25357
948,0.006806,3.8656,0.25413
949,0.0068016,3.9394,0.2484
950,0.0067971,4.0958,0.24712
951,0.0067927,3.6994,0.23196
952,0.0067883,3.7096,0.23388
953,0.0067838,3.0596,0.21088
954,0.0067794,3.0643,0.21676
955,0.006775,3.6906,0.22153
956,0.0067706,3.2545,0.2181
957,0.0067661,3.4279,0.22091
958,0.0067617,3.2925,0.21019
959,0.0067573,2.8593,0.2002
960,0.0067529,3.418,0.21717
961,0.0067485,3.1907,0.21062
962,0.0067441,3.0536,0.21286
963,0.0067398,3.2218,0.21179
964,0.0067354,3.3408,0.21575
965,0.006731,3.2991,0.21257
966,0.0067266,3.2477,0.21059
967,0.0067222,2.8397,0.20492
968,0.0067179,2.8098,0.20782
969,0.0067135,2.8741,0.21174
970,0.0067092,3.0784,0.21118
971,0.0066939,3.1639,0.086216
972,0.006668,3.0895,0.085979
973,0.0066422,3.0715,0.086732
974,0.0066165,3.0628,0.087097
975,0.006591,3.0893,0.088393
976,0.0065656,3.0398,0.086888
977,0.0065404,2.9934,0.087911
978,0.0065153,3.1857,0.092076
979,0.0064904,3.1152,0.088891
980,0.0064656,3.0474,0.091925
981,0.0064409,3.0433,0.090156
982,0.0064164,3.0791,0.091138
983,0.0064022,2.9183,0.22583
984,0.0063981,3.0609,0.22846
985,0.006394,2.9179,0.21719
986,0.00639,3.2826,0.23713
987,0.0063859,3.0978,0.22287
988,0.0063819,2.6995,0.20463
989,0.0063779,2.7144,0.20161
990,0.0063738,2.7007,0.20718
991,0.0063698,2.5286,0.20559
992,0.0063658,2.3407,0.19398
993,0.0063617,2.1351,0.19838
994,0.0063577,1.8375,0.18501
995,0.0063537,1.7323,0.18916
996,0.0063497,1.5869,0.18001
997,0.0063457,1.806,0.18453
998,0.0063417,1.7552,0.18376
999,0.0063377,1.6,0.17812
1000,0.0063337,1.9089,0.18588
1001,0.0063297,1.3754,0.18017
1002,0.0063257,1.6817,0.18275
1003,0.0063217,2.1163,0.1908
1004,0.0063177,1.6653,0.17591
1005,0.0063138,1.6726,0.18339
1006,0.0063098,1.9217,0.18749
1007,0.0063058,1.4667,0.1764
1008,0.0063018,1.8391,0.17883
1009,0.006288,1.5605,0.074387
1010,0.0062643,1.588,0.074426
1011,0.0062408,1.6599,0.075134
1012,0.0062175,1.5114,0.074762
1013,0.0061942,1.527,0.075276
1014,0.0061711,1.6122,0.076126
1015,0.0061481,1.6068,0.077086
1016,0.0061252,1.5516,0.077554
1017,0.0061025,1.8425,0.080061
1018,0.0060799,1.4585,0.076606
1019,0.0060574,1.5961,0.079201
1020,0.0060351,1.6255,0.079497
1021,0.0060128,1.5224,0.079839
1022,0.0059907,1.5143,0.080256
1023,0.0059687,1.569,0.080645
1024,0.0059469,1.6984,0.082013
1025,0.0059251,1.5057,0.081754
1026,0.0059035,1.7786,0.08334
1027,0.005882,1.6039,0.083899
1028,0.0057986,1.6546,0.03129
1029,0.0056347,1.6983,0.031652
1030,0.0054772,1.7292,0.033454
1031,0.0053943,1.6502,0.11887
1032,0.0053818,1.5747,0.11798
1033,0.0053693,1.6476,0.11867
1034,0.0053568,1.9432,0.12303
1035,0.0053444,1.855,0.11949
1036,0.005332,1.7909,0.12398
1037,0.0053197,1.612,0.12166
1038,0.0053074,1.5953,0.1237
1039,0.0052952,1.682,0.12454
1040,0.005283,1.6997,0.12307
1041,0.0052709,1.7873,0.1226
1042,0.0052587,1.6541,0.12444
1043,0.0052467,1.7553,0.12469
1044,0.0052346,1.6042,0.12597
1045,0.0052227,1.3371,0.12367
1046,0.0052107,1.1571,0.11446
1047,0.0051988,1.0507,0.11723
1048,0.0051869,0.83333,0.11265
1049,0.0051751,0.92593,0.11285
1050,0.0051633,0.69807,0.1129
1051,0.0051516,0.59647,0.11384
1052,0.0051399,0.73774,0.11446
1053,0.0051282,0.71587,0.11496
1054,0.0051166,0.80068,0.11408
1055,0.005105,0.70573,0.11409
1056,0.0050935,0.66989,0.1163
1057,0.005082,0.67444,0.11733
1058,0.0050705,1.0229,0.1205
1059,0.0050591,0.53536,0.11615
1060,0.0050477,0.65558,0.11832
1061,0.0050363,0.74025,0.11955
1062,0.005025,0.69149,0.11953
1063,0.0049526,0.65642,0.034783
1064,0.0048227,0.65791,0.036248
1065,0.0046977,0.6478,0.037989
1066,0.0045776,0.72421,0.040276
1067,0.004462,0.76784,0.042749
1068,0.0043507,0.72815,0.045231
1069,0.0042436,0.77625,0.048183
1070,0.0041403,0.7013,0.0516
1071,0.0040408,0.73717,0.05511
1072,0.0039448,0.79673,0.059054
1073,0.0038522,0.62615,0.06255
1074,0.0037628,0.70736,0.065948
1075,0.0036765,0.77163,0.067462
1076,0.0035932,0.80408,0.06822
1077,0.0035126,0.71602,0.068595
1078,0.0034347,0.86647,0.06567
1079,0.0033594,0.86221,0.060703
1080,0.0032865,0.79882,0.053511
1081,0.003216,0.72618,0.054238
1082,0.0031477,0.86776,0.056395
1083,0.0030816,0.84325,0.058297
1084,0.0030175,0.93261,0.060085
1085,0.0029554,0.89079,0.063478
1086,0.0028952,0.88654,0.065495
1087,0.0028369,0.78697,0.067329
1088,0.0027802,0.89555,0.070513
1089,0.0027253,0.93168,0.072219
1090,0.002672,0.93457,0.074792
1091,0.0026202,0.93433,0.078858
1092,0.0025699,0.96577,0.082451
1093,0.002521,1.111,0.085143
1094,0.0024736,0.90389,0.087257
1095,0.0024274,1.1189,0.091573
1096,0.0023825,0.94501,0.094034
1097,0.0023389,0.95035,0.097101
1098,0.0022965,1.0099,0.10171
1099,0.0022552,0.99201,0.10518
1100,0.002215,0.94284,0.11183
1101,0.0021758,1.2748,0.11624
1102,0.0021377,1.1626,0.12068
1103,0.0021006,1.211,0.12168
1104,0.0020645,1.0649,0.13088
1105,0.0020292,1.1067,0.13076
1106,0.0019949,0.95718,0.13705
1107,0.0019614,1.2385,0.14408
1108,0.0019288,1.3633,0.15141
1109,0.001897,0.94099,0.14891
1110,0.0018659,1.1117,0.1557
1111,0.0018356,1.2353,0.16128
1112,0.0018061,1.202,0.16953
1113,0.0017772,1.2357,0.17337
1114,0.001749,1.3149,0.18471
1115,0.0017215,1.4134,0.18475
1116,0.0016947,1.231,0.19395
1117,0.0016685,1.4936,0.2057
1118,0.0016428,1.1942,0.2135
1119,0.0016178,1.0732,0.20258
1120,0.0015933,1.2128,0.21722
1121,0.0015694,1.2764,0.2309
1122,0.001546,1.1399,0.24709
1123,0.0015231,1.69,0.26693
