0 1.5129 4.7575 0.0091932
1 1.4417 4.7614 0.0092638
2 1.3755 4.7636 0.0093438
3 1.3137 4.7588 0.009387
4 1.256 4.7705 0.0094725
5 1.202 4.7701 0.0095455
6 1.1515 4.7577 0.0096117
7 1.104 4.7795 0.0097144
8 1.0594 4.7786 0.009743
9 1.0175 4.7716 0.0097791
10 0.97801 4.7695 0.0098295
11 0.94078 4.7793 0.0099003
12 0.90563 4.7647 0.0099218
13 0.87242 4.778 0.0099826
14 0.841 4.78 0.010041
15 0.81125 4.7619 0.010075
16 0.78305 4.785 0.010168
17 0.75629 4.7801 0.010215
18 0.73088 4.7861 0.010262
19 0.70674 4.7831 0.010331
20 0.68377 4.7718 0.010354
21 0.6619 4.7725 0.010404
22 0.64106 4.7748 0.010454
23 0.62119 4.7901 0.010519
24 0.60224 4.7804 0.010551
25 0.58413 4.7652 0.010563
26 0.56683 4.7878 0.010643
27 0.55029 4.7857 0.010669
28 0.53446 4.766 0.010676
29 0.51931 4.7755 0.010704
30 0.50479 4.7701 0.010759
31 0.49087 4.785 0.010816
32 0.47752 4.7597 0.010804
33 0.46471 4.7828 0.010879
34 0.4524 4.7938 0.010949
35 0.44058 4.7633 0.010932
36 0.42921 4.8017 0.011036
37 0.41828 4.7812 0.011034
38 0.40777 4.7665 0.011059
39 0.39764 4.7828 0.011127
40 0.38788 4.7956 0.011209
41 0.37849 4.7953 0.011262
42 0.36942 4.7868 0.011309
43 0.36068 4.7499 0.011274
44 0.35225 4.7884 0.011419
45 0.34411 4.7881 0.011469
46 0.33625 4.8074 0.011556
47 0.32865 4.7924 0.011559
48 0.32131 4.7731 0.011599
49 0.31421 4.7984 0.011701
50 0.30735 4.823 0.0118
51 0.3007 4.8058 0.011827
52 0.29427 4.8105 0.011882
53 0.28805 4.7949 0.011896
54 0.28202 4.76 0.011842
55 0.27617 4.7833 0.011919
56 0.27051 4.7901 0.011969
57 0.26502 4.7805 0.011972
58 0.25969 4.7698 0.011991
59 0.25453 4.775 0.012036
60 0.24951 4.7884 0.012097
61 0.24465 4.7916 0.012136
62 0.23992 4.7909 0.012153
63 0.23533 4.8026 0.012205
64 0.23087 4.7966 0.012209
65 0.22654 4.8292 0.012272
66 0.22232 4.8049 0.012251
67 0.21823 4.8043 0.012273
68 0.21503 4.7841 0.015777
69 0.21268 4.8009 0.015808
70 0.21036 4.7847 0.015804
71 0.20809 4.8092 0.0159
72 0.20585 4.7956 0.015798
73 0.20365 4.8197 0.015883
74 0.20148 4.8107 0.015891
75 0.19934 4.8126 0.015894
76 0.19725 4.8248 0.0159
77 0.19518 4.8644 0.016037
78 0.19314 4.8466 0.01595
79 0.19114 4.8271 0.015922
80 0.18917 4.8216 0.015852
81 0.18723 4.8315 0.015895
82 0.18532 4.8243 0.015837
83 0.18343 4.8194 0.015853
84 0.18158 4.8221 0.015832
85 0.17886 4.7889 0.011114
86 0.17531 4.7509 0.011009
87 0.17187 4.7583 0.010997
88 0.16853 4.7461 0.01093
89 0.16529 4.7451 0.0109
90 0.16214 4.7265 0.010836
91 0.15908 4.7194 0.010804
92 0.1561 4.7621 0.010841
93 0.15321 4.7757 0.010856
94 0.1504 4.8038 0.010851
95 0.14766 4.8182 0.01082
96 0.145 4.8431 0.010834
97 0.14241 4.8518 0.010805
98 0.13989 4.8782 0.010829
99 0.13743 4.8678 0.010744
100 0.13504 4.8792 0.010708
101 0.13271 4.9071 0.010704
102 0.13044 4.9142 0.010669
103 0.12823 4.8988 0.010597
104 0.12608 4.8979 0.010538
105 0.12397 4.8834 0.010465
106 0.12192 4.854 0.010359
107 0.11992 4.8417 0.01029
108 0.11862 4.8413 0.017765
109 0.11797 4.8988 0.017909
110 0.11733 4.8546 0.017779
111 0.1167 4.8421 0.01775
112 0.11607 4.8725 0.017785
113 0.11544 4.9014 0.017864
114 0.11482 4.8998 0.01784
115 0.11421 4.9287 0.017909
116 0.1136 4.9416 0.017902
117 0.113 4.9488 0.017873
118 0.1124 4.9162 0.017793
119 0.1118 4.9257 0.017795
120 0.11121 4.9175 0.017729
121 0.11063 4.9184 0.017704
122 0.11004 4.9154 0.017699
123 0.10947 4.9248 0.017698
124 0.1089 4.923 0.017679
125 0.10833 4.9287 0.017664
126 0.10777 4.9455 0.017714
127 0.10721 4.9283 0.017576
128 0.10665 4.9051 0.017547
129 0.1061 4.9389 0.01761
130 0.10556 4.93 0.017564
131 0.10502 4.9668 0.017669
132 0.10448 4.988 0.01768
133 0.10394 4.9971 0.0177
134 0.10342 4.9882 0.017619
135 0.10289 5.0181 0.017665
136 0.10237 4.9892 0.017581
137 0.10185 5.0224 0.017654
138 0.10134 4.9591 0.017466
139 0.10083 4.9359 0.017332
140 0.10032 4.9455 0.017348
141 0.099822 4.9227 0.017238
142 0.099324 4.9264 0.017211
143 0.098829 4.9421 0.017263
144 0.098339 4.9576 0.017258
145 0.097852 4.9752 0.017296
146 0.097368 4.9988 0.017329
147 0.096888 4.9725 0.017271
148 0.096412 4.9252 0.017078
149 0.095939 4.8494 0.016851
150 0.09547 4.8536 0.016856
151 0.095004 4.8241 0.016788
152 0.094542 4.818 0.016712
153 0.094082 4.7866 0.016584
154 0.093627 4.7586 0.016528
155 0.093174 4.7442 0.016483
156 0.092725 4.7494 0.016417
157 0.092279 4.7632 0.016474
158 0.091836 4.7522 0.016421
159 0.091397 4.7454 0.016405
160 0.09096 4.7964 0.016537
161 0.090527 4.807 0.016535
162 0.090097 4.797 0.01656
163 0.08967 4.8046 0.01654
164 0.089245 4.8149 0.016563
165 0.088824 4.8075 0.016538
166 0.088406 4.8195 0.01659
167 0.087991 4.8242 0.016613
168 0.087579 4.8188 0.016618
169 0.087169 4.8324 0.016569
170 0.086763 4.831 0.016617
171 0.086359 4.8536 0.016625
172 0.085958 4.8397 0.016569
173 0.08556 4.8179 0.01655
174 0.085165 4.8025 0.016522
175 0.084772 4.8275 0.016566
176 0.084382 4.7795 0.016418
177 0.083995 4.8041 0.016473
178 0.08361 4.8364 0.016547
179 0.083228 4.8318 0.016558
180 0.082849 4.8289 0.016487
181 0.082472 4.8331 0.016556
182 0.082098 4.8431 0.016564
183 0.081727 4.847 0.016595
184 0.081357 4.8537 0.016633
185 0.080991 4.8917 0.016729
186 0.080627 4.892 0.01678
187 0.080265 4.8941 0.016732
188 0.079906 4.9137 0.016829
189 0.079549 4.8995 0.016754
190 0.079194 4.91 0.016822
191 0.078842 4.935 0.016887
192 0.078493 4.9458 0.016898
193 0.078145 4.9248 0.016873
194 0.0778 4.9583 0.016958
195 0.077457 4.9551 0.016989
196 0.077117 4.9593 0.017024
197 0.076778 4.9673 0.017041
198 0.076442 4.9833 0.017093
199 0.076108 4.9865 0.017071
200 0.075776 5.0068 0.017153
201 0.075447 5.024 0.017189
202 0.075119 5.0479 0.017244
203 0.074794 5.0433 0.017233
204 0.074471 5.0466 0.017234
205 0.07415 5.0404 0.017206
206 0.073831 5.0529 0.017287
207 0.073514 5.048 0.017253
208 0.073199 5.1163 0.017462
209 0.072886 5.1099 0.017446
210 0.072575 5.0969 0.017383
211 0.072266 5.1055 0.017387
212 0.071959 5.1088 0.017376
213 0.071654 5.1356 0.017444
214 0.071351 5.13 0.017477
215 0.07105 5.1075 0.017414
216 0.07075 5.1269 0.017442
217 0.070453 5.1096 0.017331
218 0.070158 5.0919 0.01729
219 0.069864 5.1201 0.017344
220 0.069572 5.1119 0.017325
221 0.069282 5.0901 0.017237
222 0.068994 5.0958 0.017249
223 0.068708 5.0672 0.017151
224 0.068423 5.1195 0.01727
225 0.06814 5.0833 0.017204
226 0.067859 5.1031 0.01728
227 0.06758 5.1247 0.017375
228 0.067302 5.1354 0.017417
229 0.067026 5.1242 0.017434
230 0.066752 5.1236 0.017442
231 0.066479 5.1319 0.017469
232 0.066209 5.1634 0.017617
233 0.065939 5.1667 0.017639
234 0.065672 5.1831 0.017661
235 0.065406 5.1609 0.017665
236 0.065141 5.2187 0.017857
237 0.064879 5.2002 0.017807
238 0.064617 5.2276 0.01795
239 0.064358 5.2559 0.018066
240 0.0641 5.2652 0.018097
241 0.063843 5.2563 0.018112
242 0.063588 5.2871 0.018199
243 0.063335 5.2794 0.018265
244 0.063083 5.2815 0.01824
245 0.062833 5.3054 0.01837
246 0.062584 5.2807 0.018258
247 0.062336 5.3131 0.018383
248 0.06209 5.3191 0.018387
249 0.061846 5.3044 0.018311
250 0.061603 5.3267 0.018402
251 0.061361 5.3257 0.018425
252 0.061121 5.2971 0.018376
253 0.060882 5.2736 0.018289
254 0.060645 5.2537 0.01819
255 0.060408 5.2296 0.018119
256 0.060174 5.2456 0.018201
257 0.05994 5.2497 0.018223
258 0.059709 5.2499 0.018284
259 0.059478 5.2572 0.01827
260 0.059249 5.2312 0.018292
261 0.059021 5.218 0.018255
262 0.058794 5.1874 0.018207
263 0.058569 5.2237 0.018326
264 0.058345 5.1884 0.018288
265 0.058122 5.1679 0.018212
266 0.0579 5.1638 0.018264
267 0.05768 5.1825 0.018312
268 0.057461 5.1922 0.018399
269 0.057244 5.2013 0.018438
270 0.057027 5.212 0.018578
271 0.056812 5.1989 0.018485
272 0.056598 5.1717 0.018461
273 0.056385 5.1976 0.018547
274 0.056173 5.1659 0.018457
275 0.055963 5.1181 0.018277
276 0.055754 5.1019 0.018291
277 0.055545 5.0615 0.018099
278 0.055338 5.0245 0.018048
279 0.055133 5.0212 0.018066
280 0.054928 4.9918 0.017968
281 0.054725 5.0063 0.018092
282 0.054522 4.9928 0.018061
283 0.054321 4.9905 0.01806
284 0.054121 5.002 0.01814
285 0.053922 4.9484 0.017986
286 0.053724 4.9033 0.017873
287 0.053527 4.913 0.017943
288 0.053331 4.927 0.017935
289 0.053137 4.9129 0.017924
290 0.052943 4.9211 0.017915
291 0.05275 4.9224 0.017998
292 0.052559 4.9376 0.018055
293 0.052368 4.9044 0.017984
294 0.052179 4.9252 0.018072
295 0.05199 4.946 0.018154
296 0.051756 4.9454 0.01484
297 0.051478 4.9883 0.015028
298 0.051201 5.0105 0.015129
299 0.050927 4.9948 0.015148
300 0.050654 5.0305 0.015261
301 0.050384 5.0526 0.015325
302 0.050117 5.0605 0.01539
303 0.049851 5.0855 0.015521
304 0.049587 5.1209 0.015666
305 0.049326 5.1452 0.01577
306 0.049066 5.1308 0.015785
307 0.048809 5.1419 0.015903
308 0.048553 5.1544 0.015917
309 0.0483 5.1831 0.015963
310 0.048049 5.1779 0.015986
311 0.047799 5.1556 0.015957
312 0.047552 5.161 0.015982
313 0.047306 5.0936 0.01585
314 0.047062 5.13 0.015945
315 0.04682 5.1251 0.015967
316 0.046581 5.1203 0.016009
317 0.046342 5.1253 0.016071
318 0.046106 5.1266 0.016165
319 0.045872 5.1349 0.016238
320 0.045639 5.1726 0.016399
321 0.045408 5.1598 0.016408
322 0.045179 5.1663 0.016572
323 0.044951 5.1834 0.01665
324 0.044725 5.228 0.016766
325 0.044501 5.2328 0.016868
326 0.044279 5.2229 0.016901
327 0.044058 5.273 0.017119
328 0.043839 5.272 0.017197
329 0.043622 5.278 0.017212
330 0.043406 5.2655 0.017251
331 0.043192 5.2865 0.017344
332 0.042979 5.3019 0.017345
333 0.042768 5.3091 0.017405
334 0.042558 5.2908 0.017377
335 0.04235 5.1864 0.017121
336 0.042144 5.1002 0.016918
337 0.041939 5.0685 0.016859
338 0.041736 5.0071 0.016724
339 0.041534 4.955 0.016653
340 0.041333 4.9646 0.016758
341 0.041134 4.9561 0.01678
342 0.041018 4.9454 0.04128
343 0.040985 4.9116 0.040763
344 0.040953 4.948 0.040974
345 0.04092 4.9039 0.041037
346 0.040887 4.9674 0.041413
347 0.040854 5.0023 0.041476
348 0.040822 5.0153 0.041577
349 0.040789 4.9189 0.040955
350 0.040756 5.0008 0.041689
351 0.040724 4.9456 0.041106
352 0.040691 4.986 0.041443
353 0.040659 5.0025 0.041698
354 0.040626 4.9953 0.041688
355 0.040594 4.9378 0.041208
356 0.040561 4.8777 0.040862
357 0.040529 4.9201 0.040964
358 0.040497 4.8253 0.040675
359 0.040464 4.8806 0.040838
360 0.040432 4.8472 0.040633
361 0.0404 4.9086 0.041331
362 0.040368 4.8319 0.040474
363 0.040336 4.8265 0.040861
364 0.040304 4.792 0.040454
365 0.040272 4.8412 0.040785
366 0.04024 4.8274 0.04083
367 0.040208 4.8073 0.040738
368 0.040176 4.7715 0.040405
369 0.040144 4.8095 0.04062
370 0.040112 4.7446 0.040403
371 0.04008 4.8001 0.04067
372 0.040048 4.7843 0.040531
373 0.040017 4.826 0.041036
374 0.039985 4.8336 0.040967
375 0.039953 4.7726 0.040562
376 0.039922 4.8126 0.040733
377 0.03989 4.8013 0.040623
378 0.03978 4.7813 0.01664
379 0.039592 4.7924 0.016663
380 0.039405 4.8415 0.016811
381 0.03922 4.8016 0.016784
382 0.039036 4.8255 0.016911
383 0.038853 4.8062 0.016927
384 0.038672 4.8613 0.017104
385 0.038491 4.8548 0.017184
386 0.038312 4.8741 0.017312
387 0.038135 4.8588 0.017295
388 0.037958 4.9055 0.017472
389 0.037783 4.9251 0.017591
390 0.037609 4.907 0.017587
391 0.037436 4.9126 0.017711
392 0.037265 4.9631 0.017874
393 0.037094 4.993 0.018021
394 0.036925 4.9605 0.018019
395 0.036757 4.9812 0.018115
396 0.03659 5.0159 0.018322
397 0.036424 4.992 0.018337
398 0.036259 5.0294 0.018524
399 0.036095 5.0857 0.018773
400 0.035933 5.041 0.018707
401 0.035771 5.0624 0.018907
402 0.035611 5.061 0.018936
403 0.035452 5.0802 0.019125
404 0.035294 5.0395 0.019035
405 0.035137 5.1079 0.019266
406 0.034981 5.0762 0.019228
407 0.034825 5.0785 0.019353
408 0.034671 5.0945 0.019463
409 0.034518 5.0988 0.019576
410 0.034366 5.0967 0.019621
411 0.034215 5.0998 0.019729
412 0.034065 5.0892 0.019798
413 0.033916 5.1247 0.020046
414 0.033768 5.1521 0.020185
415 0.033621 5.177 0.020394
416 0.033475 5.1768 0.020484
417 0.03333 5.1718 0.020561
418 0.033186 5.1736 0.020633
419 0.033043 5.218 0.020752
420 0.0329 5.2086 0.020658
421 0.032759 5.2179 0.020771
422 0.032618 5.1963 0.020705
423 0.032479 5.2859 0.02111
424 0.03234 5.2213 0.020892
425 0.032202 5.2392 0.021044
426 0.032065 5.2117 0.021069
427 0.031929 5.2036 0.0211
428 0.031794 5.1262 0.020895
429 0.031659 5.1563 0.021108
430 0.031526 5.0985 0.020938
431 0.031393 5.0973 0.021037
432 0.031261 5.0523 0.020987
433 0.03113 5.0984 0.021224
434 0.031 5.108 0.021363
435 0.030871 5.1138 0.021468
436 0.030742 5.1249 0.021462
437 0.030614 5.1484 0.021684
438 0.030487 5.1369 0.021732
439 0.030361 5.169 0.021931
440 0.030236 5.1416 0.021836
441 0.030111 5.1129 0.021808
442 0.029987 5.1519 0.022014
443 0.029864 5.1178 0.021945
444 0.029742 5.1415 0.022106
445 0.02962 5.1405 0.022243
446 0.0295 5.0935 0.022125
447 0.029379 5.1104 0.022279
448 0.02926 5.1055 0.022329
449 0.029141 5.0906 0.02244
450 0.029023 5.0484 0.02232
451 0.028906 5.093 0.022588
452 0.02879 5.0396 0.022498
453 0.028674 5.1178 0.022805
454 0.028559 5.0787 0.022556
455 0.028444 5.0968 0.022643
456 0.028331 5.125 0.022827
457 0.028218 5.1157 0.022858
458 0.028105 5.1232 0.023009
459 0.027994 5.1287 0.023018
460 0.027883 5.1501 0.023242
461 0.027772 5.2051 0.023565
462 0.027662 5.2034 0.023696
463 0.027553 5.1964 0.023773
464 0.027445 5.2176 0.023948
465 0.027337 5.2223 0.024107
466 0.02723 5.2249 0.024244
467 0.027123 5.2281 0.024329
468 0.027018 5.2486 0.024497
469 0.026912 5.2565 0.024695
470 0.026808 5.2682 0.024847
471 0.026704 5.3403 0.025284
472 0.0266 5.3149 0.025238
473 0.026497 5.3468 0.025549
474 0.026395 5.361 0.02577
475 0.026293 5.3608 0.025803
476 0.026192 5.3912 0.026135
477 0.026092 5.4522 0.026454
478 0.025992 5.4287 0.026544
479 0.025892 5.4658 0.026825
480 0.025794 5.4753 0.02698
481 0.025695 5.4625 0.027078
482 0.025598 5.4536 0.027247
483 0.025501 5.48 0.027469
484 0.025404 5.4788 0.02756
485 0.025308 5.4972 0.027792
486 0.025213 5.5751 0.028308
487 0.025118 5.5225 0.028097
488 0.025023 5.6014 0.028668
489 0.024929 5.5529 0.028688
490 0.024836 5.6026 0.028912
491 0.024743 5.5876 0.029054
492 0.024651 5.614 0.029427
493 0.024559 5.6482 0.02972
494 0.024468 5.6363 0.02971
495 0.024377 5.67 0.03014
496 0.024287 5.674 0.030377
497 0.024197 5.6794 0.030562
498 0.024108 5.7598 0.031065
499 0.024019 5.8059 0.031585
500 0.023931 5.7759 0.031464
501 0.023843 5.7764 0.031426
502 0.023756 5.7696 0.031465
503 0.023669 5.8331 0.031813
504 0.023583 5.8157 0.031963
505 0.023497 5.7757 0.031886
506 0.023411 5.8583 0.032433
507 0.023327 5.8798 0.032783
508 0.023242 5.8818 0.032774
509 0.023158 5.8655 0.032558
510 0.023074 5.902 0.032538
511 0.022991 5.9 0.032311
512 0.022909 5.9255 0.032478
513 0.022826 5.9765 0.03287
514 0.022745 5.9197 0.032648
515 0.022663 5.9531 0.03288
516 0.022582 6.0042 0.033367
517 0.022502 5.9996 0.033454
518 0.022422 5.9894 0.03338
519 0.022342 6.0332 0.033724
520 0.022263 6.0297 0.033704
521 0.022184 6.0343 0.033935
522 0.022106 6.0935 0.034293
523 0.022028 6.128 0.034638
524 0.02195 6.1008 0.034451
525 0.021873 6.0853 0.03445
526 0.021797 6.0789 0.034434
527 0.02172 6.0924 0.034791
528 0.021644 6.1171 0.035028
529 0.021569 6.1238 0.03516
530 0.021494 6.1173 0.035136
531 0.021419 6.1686 0.035691
532 0.021345 6.0435 0.035016
533 0.021271 6.1455 0.035797
534 0.021197 6.1325 0.035956
535 0.021124 6.1213 0.036053
536 0.021051 6.081 0.035773
537 0.020979 6.0623 0.035759
538 0.020907 6.0596 0.035922
539 0.020835 6.1245 0.036451
540 0.020764 6.0218 0.035784
541 0.020693 6.0009 0.035632
542 0.020622 5.9574 0.035702
543 0.020552 5.8574 0.035157
544 0.020482 5.8987 0.035507
545 0.020412 5.8683 0.035455
546 0.020343 5.8608 0.035529
547 0.020274 5.7891 0.035227
548 0.020206 5.8024 0.035518
549 0.020138 5.8167 0.03552
550 0.02007 5.7732 0.035626
551 0.020003 5.79 0.0359
552 0.019936 5.7639 0.035834
553 0.019869 5.7978 0.036073
554 0.019802 5.8428 0.03654
555 0.019736 5.8266 0.03658
556 0.01967 5.8054 0.036658
557 0.019605 5.846 0.036994
558 0.01954 5.8373 0.03705
559 0.019475 5.8845 0.037229
560 0.019411 5.8665 0.037215
561 0.019347 5.9007 0.037569
562 0.019283 5.8352 0.037099
563 0.019219 5.9733 0.038238
564 0.019156 5.8776 0.037666
565 0.019093 5.9154 0.038061
566 0.019031 5.8912 0.038063
567 0.018968 6.0004 0.039084
568 0.018906 5.9502 0.038792
569 0.018845 5.931 0.038744
570 0.018783 5.9665 0.039264
571 0.018722 5.9555 0.039451
572 0.018661 6.048 0.040234
573 0.018601 5.9534 0.039807
574 0.018541 5.9295 0.039719
575 0.018481 5.9879 0.04018
576 0.018421 5.9435 0.040127
577 0.018362 5.9749 0.040397
578 0.018303 5.9508 0.040305
579 0.018244 5.9391 0.040838
580 0.018186 5.8771 0.040255
581 0.018128 5.8827 0.040534
582 0.01807 5.9358 0.0412
583 0.018012 5.8671 0.040679
584 0.017955 5.8442 0.040795
585 0.017898 5.8763 0.04098
586 0.017841 5.8749 0.041273
587 0.017784 5.8513 0.041339
588 0.017728 5.9014 0.041819
589 0.017672 5.9962 0.042606
590 0.017616 5.8838 0.042113
591 0.017561 5.9938 0.043225
592 0.017506 5.9232 0.042789
593 0.017451 6.0073 0.043723
594 0.017396 5.9824 0.043468
595 0.017342 6.1051 0.044754
596 0.017287 6.0369 0.044391
597 0.017234 6.1133 0.045061
598 0.01718 5.9862 0.044391
599 0.017126 6.1279 0.045628
600 0.017073 6.0766 0.045463
601 0.01702 6.1584 0.046092
602 0.016968 6.1535 0.04661
603 0.016915 6.2653 0.047569
604 0.016863 6.1867 0.047023
605 0.016811 6.1998 0.047327
606 0.016759 6.2389 0.047929
607 0.016708 6.2619 0.048352
608 0.016657 6.3002 0.04897
609 0.016606 6.2696 0.048752
610 0.016555 6.2988 0.04898
611 0.016504 6.2661 0.04891
612 0.016454 6.2971 0.049517
613 0.016404 6.326 0.049186
614 0.016354 6.2738 0.048532
615 0.016305 6.3887 0.049447
616 0.016255 6.4008 0.049737
617 0.016206 6.35 0.049132
618 0.016157 6.3697 0.04968
619 0.016108 6.3249 0.049432
620 0.01606 6.337 0.049721
621 0.016012 6.3739 0.050328
622 0.015964 6.2717 0.049373
623 0.015916 6.3108 0.049856
624 0.015868 6.3068 0.049927
625 0.015821 6.4031 0.051335
626 0.015773 6.4016 0.051208
627 0.015726 6.458 0.052196
628 0.01568 6.4396 0.051985
629 0.015633 6.3875 0.051723
630 0.015587 6.4008 0.05139
631 0.01554 6.2998 0.050745
632 0.015495 6.2832 0.050461
633 0.015449 6.2222 0.050584
634 0.015403 6.2139 0.050368
635 0.015358 6.0046 0.048068
636 0.015313 5.8951 0.0471
637 0.015268 5.6347 0.044782
638 0.015223 5.551 0.044138
639 0.015178 5.418 0.043349
640 0.015134 5.3101 0.042657
641 0.01509 5.1379 0.04126
642 0.015046 5.0662 0.040978
643 0.015002 5.0938 0.041363
644 0.014959 5.0542 0.040952
645 0.014915 5.0908 0.041533
646 0.014872 4.984 0.040986
647 0.014829 4.9755 0.04086
648 0.014786 5.0074 0.041178
649 0.014743 5.0165 0.041536
650 0.014701 4.9625 0.041246
651 0.014659 5.016 0.041721
652 0.014616 4.9842 0.041999
653 0.014575 4.9956 0.041828
654 0.014533 5.0106 0.041941
655 0.014491 5.0584 0.042619
656 0.01445 5.0368 0.042621
657 0.014409 5.0828 0.043234
658 0.014368 5.0847 0.04344
659 0.014327 5.0142 0.043269
660 0.014286 4.9749 0.042804
661 0.014246 5.0687 0.043743
662 0.014205 5.1137 0.0442
663 0.014165 5.0048 0.043736
664 0.014125 5.0343 0.043764
665 0.014085 5.0526 0.044065
666 0.014046 5.0651 0.044398
667 0.014006 5.1704 0.045179
668 0.013967 5.1855 0.045604
669 0.013928 5.0585 0.044908
670 0.013889 5.121 0.045473
671 0.01385 5.1724 0.04595
672 0.013811 5.163 0.046011
673 0.013773 5.1262 0.045908
674 0.013734 5.2173 0.046675
675 0.013702 5.1362 0.056276
676 0.013677 5.3043 0.05812
677 0.013652 5.1715 0.05713
678 0.013626 5.1909 0.057036
679 0.013601 5.1099 0.056703
680 0.013576 5.1956 0.057543
681 0.013551 5.1583 0.057545
682 0.013526 4.9621 0.055288
683 0.013501 4.6439 0.052217
684 0.013476 4.3376 0.049337
685 0.013452 4.2946 0.048968
686 0.013427 4.0485 0.047316
687 0.013402 4.0014 0.046852
688 0.013378 4.0009 0.046448
689 0.013353 3.9276 0.046361
690 0.013329 3.9754 0.046176
691 0.013304 3.8854 0.045926
692 0.01328 3.889 0.045853
693 0.013256 3.9007 0.046026
694 0.013232 3.9157 0.046058
695 0.013208 3.9199 0.046275
696 0.013184 3.9632 0.046392
697 0.01316 3.9063 0.046665
698 0.013136 3.8824 0.046221
699 0.013112 3.8741 0.046395
700 0.013088 3.8738 0.046249
701 0.013064 3.9692 0.047152
702 0.013017 3.9076 0.027199
703 0.012947 3.9676 0.027528
704 0.012877 3.9568 0.027817
705 0.012808 3.9839 0.028209
706 0.012739 4.006 0.028515
707 0.012671 4.0504 0.029015
708 0.012604 4.0349 0.029047
709 0.012537 4.0516 0.029387
710 0.01247 4.0745 0.029848
711 0.012404 4.1223 0.030219
712 0.012339 4.1187 0.030424
713 0.012274 4.1265 0.030845
714 0.012209 4.1064 0.031107
715 0.012145 4.1581 0.031482
716 0.012082 4.1794 0.031847
717 0.012019 4.1926 0.0322
718 0.011957 4.1652 0.032302
719 0.011895 4.1855 0.03293
720 0.011833 4.2785 0.033505
721 0.011772 4.2034 0.033487
722 0.011712 4.2652 0.034082
723 0.011652 4.2979 0.034579
724 0.011592 4.2809 0.034662
725 0.011533 4.3364 0.035004
726 0.011474 4.3699 0.035515
727 0.011416 4.3937 0.035987
728 0.011358 4.3935 0.036189
729 0.011301 4.4212 0.036776
730 0.011244 4.396 0.036878
731 0.011188 4.4014 0.037289
732 0.011132 4.4149 0.037488
733 0.011076 4.4745 0.0381
734 0.011021 4.4685 0.038559
735 0.010966 4.5481 0.039346
736 0.010911 4.5527 0.039768
737 0.010857 4.5264 0.039893
738 0.010804 4.6149 0.040873
739 0.010751 4.5656 0.040936
740 0.010698 4.6256 0.041385
741 0.010645 4.616 0.041868
742 0.010593 4.5766 0.041824
743 0.010542 4.6116 0.042446
744 0.01049 4.644 0.042626
745 0.01044 4.6887 0.043292
746 0.010389 4.6864 0.044165
747 0.010339 4.6803 0.044248
748 0.010289 4.7613 0.045565
749 0.01024 4.724 0.045648
750 0.01019 4.7953 0.046759
751 0.010142 4.794 0.047332
752 0.010093 4.8543 0.048129
753 0.010045 4.7892 0.048029
754 0.0099976 4.8564 0.049074
755 0.0099502 4.8429 0.049231
756 0.0099032 4.8973 0.049782
757 0.0098565 4.92 0.047785
758 0.0098101 4.8914 0.046768
759 0.009764 4.9087 0.046343
760 0.0097183 4.9401 0.047001
761 0.0096729 4.989 0.047842
762 0.0096278 5.0296 0.048273
763 0.0095831 5.0334 0.048853
764 0.0095386 5.0308 0.049031
765 0.0094945 5.1046 0.050257
766 0.0094506 5.0791 0.050313
767 0.0094071 5.0634 0.050619
768 0.0093638 5.0695 0.050887
769 0.0093209 5.1638 0.052206
770 0.0092782 5.2414 0.053538
771 0.0092359 5.1485 0.052734
772 0.0091938 5.2616 0.054591
773 0.009152 5.1429 0.053868
774 0.0091105 5.143 0.053985
775 0.0090693 5.1783 0.05493
776 0.0090284 5.1549 0.055145
777 0.0089877 5.3141 0.05734
778 0.0089474 5.1884 0.056104
779 0.0089072 5.2754 0.057743
780 0.0088674 5.321 0.058523
781 0.0088278 5.3837 0.05959
782 0.0087885 5.2835 0.059512
783 0.0087495 5.2718 0.059686
784 0.0087107 5.2857 0.059863
785 0.0086721 5.4082 0.06146
786 0.0086339 5.3203 0.061091
787 0.0085958 5.2764 0.060801
788 0.0085581 5.4142 0.063099
789 0.0085205 5.2195 0.061612
790 0.0084833 5.3476 0.0636
791 0.0084462 5.3288 0.063642
792 0.0084094 5.3821 0.065004
793 0.0083729 5.3205 0.064084
794 0.0083366 5.2951 0.064056
795 0.0083005 5.3819 0.066219
796 0.0082646 5.3035 0.065818
797 0.008229 5.358 0.066669
798 0.0081936 5.344 0.067024
799 0.0081585 5.3652 0.067805
800 0.0081235 5.463 0.069363
801 0.0080888 5.3906 0.069989
802 0.0080543 5.2492 0.067744
803 0.0080201 5.4426 0.071524
804 0.007986 5.4953 0.072557
805 0.0079522 5.589 0.073559
806 0.0079186 5.3284 0.070805
807 0.0078852 5.5107 0.074361
808 0.007852 5.3758 0.07231
809 0.007819 5.6393 0.076397
810 0.0077862 5.5144 0.075627
811 0.0077537 5.6123 0.077603
812 0.0077213 5.5571 0.076199
813 0.0076891 5.6073 0.078837
814 0.0076572 5.6368 0.07891
815 0.0076254 5.7017 0.081841
816 0.0075938 5.7631 0.082944
817 0.0075625 5.6804 0.082035
818 0.0075313 5.7095 0.08267
819 0.0075003 5.5521 0.080391
820 0.0074695 5.8362 0.086181
821 0.0074389 5.8597 0.087233
822 0.0074085 5.8535 0.087141
823 0.0073782 5.7817 0.085867
824 0.0073482 5.8955 0.090073
825 0.0073183 5.8099 0.08842
826 0.0072886 5.8618 0.089142
827 0.0072591 5.7847 0.088714
828 0.0072298 5.7116 0.089023
829 0.0072007 5.8855 0.092309
830 0.0071717 5.5793 0.085855
831 0.0071429 5.6239 0.087902
832 0.0071143 5.566 0.086351
833 0.0070858 5.4566 0.085985
834 0.0070576 5.7343 0.091582
835 0.0070294 5.893 0.095723
836 0.0070015 5.7218 0.091888
837 0.0069737 5.8373 0.094511
838 0.0069461 5.7794 0.095037
839 0.0069187 5.8732 0.097501
840 0.0068914 5.7511 0.094442
841 0.0068643 5.8145 0.096161
842 0.0068373 5.7175 0.094427
843 0.0068105 5.8007 0.094943
844 0.0067838 5.9739 0.097573
845 0.0067573 5.8176 0.094538
846 0.006731 6.0343 0.097914
847 0.0067048 5.8607 0.095767
848 0.0066788 6.0003 0.098669
849 0.0066529 5.9027 0.097599
850 0.0066272 5.7374 0.09335
851 0.0066112 5.8563 0.19659
852 0.0066048 5.9672 0.19743
853 0.0063277 5.9693 0.10187
854 0.0063038 6.0738 0.10705
855 0.0062801 6.279 0.11193
856 0.0062565 6.102 0.1086
857 0.006233 6.2447 0.11136
858 0.0062097 6.0681 0.10922
859 0.0061865 6.1923 0.11364
860 0.0061634 6.004 0.10931
861 0.0061405 6.2885 0.11906
862 0.0061176 6.3654 0.12009
863 0.006095 6.3982 0.122
864 0.0060724 6.4841 0.12665
865 0.0060499 6.4492 0.1264
866 0.0060276 6.4823 0.12755
867 0.0060054 6.2458 0.12167
868 0.0059834 6.2727 0.12311
869 0.0059614 6.4517 0.12975
870 0.0059396 6.3406 0.12699
871 0.0059179 6.2996 0.12675
872 0.0059017 6.1762 0.1724
873 0.0058909 6.3871 0.18251
874 0.0058802 6.9142 0.21544
875 0.0058601 6.3772 0.088022
876 0.0057849 6.5466 0.070103
877 0.0057021 6.6002 0.072896
878 0.0056211 6.7127 0.077832
879 0.0055418 6.6982 0.080455
880 0.0054641 6.8554 0.085722
881 0.0053881 6.9839 0.091888
882 0.0053136 7.0149 0.096086
883 0.0052407 7.2189 0.10512
884 0.0051693 6.9277 0.09994
885 0.0050993 6.9214 0.10139
886 0.0050307 6.735 0.10008
887 0.0049635 6.6263 0.099087
888 0.0048977 6.3812 0.095256
889 0.0048331 5.9794 0.088618
890 0.0047698 6.1004 0.094629
891 0.0047078 5.8083 0.089969
892 0.0046469 5.8642 0.094277
893 0.0045873 5.7192 0.094498
894 0.0045287 5.6831 0.096723
895 0.0044713 5.3803 0.091859
896 0.004415 5.3513 0.094757
897 0.0043597 5.3604 0.098807
898 0.0043054 5.3272 0.10214
899 0.0042522 5.7156 0.11914
900 0.0041999 5.7107 0.12331
901 0.0041486 5.6216 0.12577
902 0.0040983 5.9118 0.14536
903 0.0040488 5.7887 0.14407
904 0.0040003 5.6617 0.14897
905 0.0039526 5.9041 0.16551
906 0.0039057 6.1265 0.18616
907 0.0038597 6.2525 0.19807
908 0.0038145 6.1299 0.20259
909 0.0037701 5.6747 0.18051
910 0.003403 6.3834 0.15735
911 0.0033287 6.7759 0.14884
912 0.0032569 6.9492 0.14602
913 0.0031873 6.8583 0.14458
914 0.0031199 7.255 0.17636
915 0.0030546 7.3303 0.18667
916 0.0029914 7.1708 0.18827
917 0.0029301 7.3212 0.2116
918 0.0028707 7.2411 0.216
919 0.0028131 7.2561 0.22954
920 0.0027572 7.1714 0.23401
921 0.0027029 7.9202 0.32361
922 0.0026502 7.282 0.2774
923 0.0025991 8.0271 0.38406
924 0.0025494 7.7144 0.35123
925 0.0025011 7.289 0.31754
926 0.0024542 7.6936 0.39174
927 0.0024086 7.7888 0.42178
928 0.0023642 8.9095 0.68589
929 0.0023211 7.1936 0.37416
930 0.0022791 7.114 0.3923
931 0.0022383 7.8959 0.55966
932 0.0021985 7.2652 0.45783
933 0.0021598 9.493 1.1398
934 0.0021221 7.098 0.4347
935 0.0020854 7.8056 0.65897
936 0.0020497 9.2188 1.2293
937 0.0020148 7.452 0.64454
938 0.0019808 8.2533 0.93787
939 0.0019477 8.682 1.1523
940 0.0019154 7.7633 0.8657
941 0.0018839 7.0003 0.63105
942 0.0018532 7.0309 0.6878
943 0.0018232 8.5225 1.3187
944 0.001794 5.5002 0.42144
945 0.0017654 7.1652 0.83444
946 0.0017375 6.6547 0.70996
947 0.0017103 6.7411 0.81131
948 0.0016837 5.3621 0.48655
949 0.0016577 5.5304 0.53153
950 0.0016323 6.3288 0.78433
951 0.0016075 5.9883 0.71196
952 0.0015833 5.7377 0.62759
953 0.0015596 6.1598 0.82494
954 0.0015364 6.5329 0.9912
955 0.0015138 4.1528 0.41902
